040160027
040160427
030190160
040190552
090190311
040190382
150180106
060190256
040180562
040190327
040190548
110190033
030190108
040190080
060190335
030190145
040190025
040190009
060180320
150190081
040180204
040170357
150190040
110190105
040190004
150190031
040190768
110190009
040170018
150190066
110190153
030190109
150190011
040180616
050190911
040180616
040190609
030190044
110190121
090190139
070180055
040180917
150190034
150190060
150170097
040170381
150190060
110190161
090190101
040190027
040190772
070190148
040190059
070180155
030170138
040180436
030190131
030180012
030180724
040190617
110190013
040190637
090190743
110190105
060180330
110190110
030170193
110190153
060190256
040190035
040190605
040190382
040190507
040170722
070190027
090190118
090190144
040190707
040190792
110190132
110180112
030160143
030180176
110180046
090180160
150190087
150190052
080180703
030190131
040190632
010180750
010690732
030190040
040190537
030170073
090190727
050170127
090180158
010180519
050190422
030180181
030190161
110190263
040180060
030190013
040190382
030190093
040190382
010190528
070190027
110190064
110190733
040180214
090170140
030190183
040180387
010190513
090190311
150190040
090190740
030190087
110190739
040180214
030170152
110180146
110180109
010190604
110190905
090190022
040190437
060190026
040190016